151
152
153
154
155
156
157
158
159
160
206
207
250
251
298
299
349
350
351
687
688
739
740
755
756
762
765
766
767
768
860
861
862
875
876
877
878
879
880
881
882
899
900
981
982
1075
1076
1095
1096
1108
1109
1110
1111
1112
1113
1114
1115
1118
1119
1122
1124
1125
1126
1128
1129
1130
1188
1189
1190
1191
1213
1214
1215
1216
1316
1317
1348
1349
1355
1356
1358
1359
1387
1388
1449
1450
1459
1460
1461
1475
1477
1478
1479
1480
1481
1484
1485
1486
1487
1488
1489
1490
1491
1492
1493
1494
1495
1496
1497
1498
1499
1500
1501
1502
1503
1504
1505
1506
1507
1508
1509
1510
1511
1512
1513
1514
1515
1516
1517
1518
1519
1520
1521
1522
1523
1524
1525
1526
1527
1528
1529
1530
1531
1532
1533
1534
1535
1536
1537
1538
1539
1540
1545
1548
1549
1550
1551
1552
1553
1554
1555
1556
1557
1558
1559
1571
1572
1573
1733
1734
1735
1736
1737
1738
1739
1859
1860
1861
1940
1941
1942
2014
2015
2289
2290
2291
2292
2293
2294
2295
2296
2297
2298
2299
2300
2301
2302
2303
2304
2305
2306
2307
2308
2309
2310
2311
2312
2313
2314
2315
2316
2317
2318
2319
2320
2321
2322
2323
2324
2325
2326
2327
2328
2329
2330
2331
2332
2333
2334
2335
2336
2337
2338
2339
2340
2341
2342
2343
2344
2345
2346
2390
2391
2757
2758
2770
2771
2942
2943
3011
3012
3013
3014
3180
3181
3182
3183
3184
3185
3186
3187
3188
3189
3190
3191
3192
3193
3194
3195
3196
3197
3198
3199
3200
3203
3204
3205
3207
3208
3209
3210
3211
3277
3278
3279
3280
3342
3343
3344
3345
3346
3347
3348
3349
3350
3351
3352
3442
3443
3444
3445
3466
3467
3468
3469
3470
3471
3472
3473
3474
3475
3476
3477
3478
3479
3480
3481
3482
3483
3484
3485
3486
3487
3488
3489
3490
3491
3492
3493
3494
3495
3496
3497
3498
3499
3500
3501
3502
3503
3504
3505
3506
3507
3508
3509
3510
3511
3512
3513
3514
3515
3516
3517
3518
3519
3520
3572
3573
3574
3575
3576
3577
3578
3579
3580
3581
3582
3583
3584
3585
3586
3587
3588
3589
3590
3591
3592
3593
3594
3595
3596
3597
3598
3599
3600
3601
3602
3603
3604
3605
3606
3607
3608
3609
3610
3611
3731
3732
3733
3734
3735
3736
3758
3759
3761
3762
3763
3903
3904
4354
4355
4427
4428
4429
4497
4498
4499
4500
4501
4502
4503
4504
4505
4506
4562
4563
4580
4581
4582
4583
4674
4675
4676
4677
4678
4679
4680
4681
4682
4683
4729
4730
4731
4732
4733
4734
4735
4736
4737
4738
4739
4740
4741
4742
4743
4744
4745
4746
4747
4770
4771
4772
4773
4774
4775
4776
4777
4823
4824
4868
4869
4870
4872
4873
4874
4875
4876
4878
4879
4880
4882
4883
4884
4885
4886
4887
4888
4889
4890
4892
4893
4894
4914
4915
4932
4933
4934
4939
4986
4987
4988
4989
4990
4991
4992
5035
5036
5037
5093
5094
5209
5210
5211
5212
5213
5214
5215
5216
5217
5218
5219
5220
5221
5222
5223
5224
5225
5226
5227
5228
5295
5296
5306
5307
5308
5309
5310
5311
5312
5313
5314
5315
5316
5317
5318
5319
5320
5321
5322
5323
5324
5325
5326
5327
5328
5329
5330
5331
5332
5333
5334
5335
5336
5337
5338
5339
5340
5341
5342
5343
5344
5345
5346
5347
5348
5349
5350
5351
5354
5355
5358
5359
5360
5361
5362
5363
5364
5365
5366
5367
5368
5369
5370
5371
5372
5373
5374
5375
5376
5377
5378
5379
5380
5381
5382
5383
5384
5385
5386
5387
5388
5389
5390
5391
5392
5393
5394
5395
5396
5397
5398
5399
5400
5401
5402
5403
5404
5405
5406
5407
5408
5409
5410
5411
5412
5413
5414
5415
5416
5417
5418
5419
5420
5421
5422
5423
5424
5425
5426
5444
5445
5735
5736
5737
5738
5739
5740
5741
5742
5743
5744
5745
5746
5747
5748
5749
5750
5751
5752
5753
5754
5755
5756
5757
5758
5759
5760
5761
5763
5765
5767
5768
5769
5770
5771
5772
5773
5774
5775
5776
5777
5778
6077
6078
6404
6405
6719
6720
7125
7126
7197
7198
7199
7200
7201
8107
8108
8109
8110
8111
8112
8113
8114
8423
8424
8544
8545
8554
8557
8558
8560
8561
8593
8594
8617
8618
