78
156
197
208
220
245
257
269
376
388
389
401
413
497
509
520
580
592
604
677
689
701
725
737
749
756
773
785
809
832
845
857
866
880
893
905
917
929
941
954
967
991
1013
1025
1037
1049
1061
1072
1085
1097
1109
1121
1134
1158
1177
1205
1229
1277
1290
1302
1314
1326
1338
1349
1421
1517
1553
1565
1601
1613
1733
1793
1806
1830
1853
1854
1962
2022
2120
2244
2260
2271
2310
2334
2346
2357
2381
2395
2404
2441
2454
2466
2479
2490
2503
2514
2525
2538
2598
2636
2700
2870
2893
2907
3062
3085
3109
3133
3157
3229
3243
3275
3397
3421
3445
3469
3492
3493
3517
3541
3565
3589
3613
3636
3661
3708
3733
3757
3781
3804
3825
3853
3873
3901
3916
3958
3997
4021
4045
4069
4117
4141
4165
4189
4213
4214
4237
4259
4285
4307
4357
4381
4397
4406
4429
4454
4477
4501
4525
4548
4573
4589
4622
4646
4669
4670
4693
4705
4717
4740
4765
4790
4814
4838
4861
4886
4910
4933
4956
4982
5005
5029
5052
5053
5076
5100
5125
5143
5173
5197
5220
5243
5261
5292
5315
5341
5365
5387
5411
5433
5458
5483
5508
5533
5543
5557
5578
5607
5629
5652
5677
5701
5724
5750
5773
5797
5822
5917
5933
5963
5964
5989
6014
6037
6060
6083
6316
6336
6397
6421
6445
6469
6487
6548
6753
6780
6973
7068
7091
7113
7186
7198
7253
7397
7433
7445
7470
7493
7569
7570
7662
7673
7745
7949
7961
7997
8068
8104
8117
8128
8142
8152
8153
8165
8177
8263
8311
8405
8418
8429
8501
8621
8649
